100 100
2 33 98 18 75 81 34 90 87 13 94 48 55 1 74 20 46 17 38 9 6 67 62 47 91 54 63 56 32 41 15 93 92 30 28 26 19 78 49 11 24 64 3 57 25 77 21 85 22 52 96 35 82 95 70 42 31 29 5 45 68 37 36 83 7 0 58 50 84 53 76 97 61 65 88 60 86 99 79 4 80 89 14 51 72 40 71 12 16 10 73 44 66 43 59 8 69 39 27 23 
81 5 98 63 28 27 36 76 38 72 30 56 39 11 19 2 41 42 95 12 88 34 96 79 70 65 18 75 59 0 85 35 16 24 89 71 51 67 23 8 55 52 13 87 1 68 15 46 33 22 83 9 53 6 45 97 49 29 31 74 4 73 25 21 37 48 40 58 7 93 91 50 90 78 54 17 94 3 44 86 64 69 62 77 43 26 47 82 10 60 32 84 92 66 20 80 57 14 99 61 
50 68 49 95 60 15 16 46 18 11 67 32 23 74 78 2 57 5 77 52 43 6 90 73 70 35 91 48 30 40 14 64 27 88 9 8 44 75 93 33 28 58 19 13 7 72 54 4 21 65 38 83 1 51 20 59 80 98 47 63 62 12 0 69 55 29 25 26 24 53 31 82 22 56 45 94 79 36 3 61 97 84 96 37 81 85 86 39 99 87 76 71 10 17 89 41 92 66 34 42 
30 27 58 47 88 6 44 7 66 71 45 41 63 11 48 26 0 21 14 80 54 53 28 4 78 16 90 43 68 23 40 25 82 31 76 38 97 73 32 98 33 19 49 95 46 29 77 86 96 75 64 89 65 81 51 61 1 92 13 59 37 70 5 85 42 99 20 72 91 18 93 57 79 69 62 3 55 34 83 74 8 10 87 35 24 17 60 12 15 52 56 39 94 36 50 22 2 9 67 84 
79 43 33 87 59 36 40 9 71 32 58 81 51 5 30 54 69 77 24 85 26 60 70 84 15 80 64 90 19 25 35 12 47 38 14 31 95 75 68 62 48 41 16 53 49 6 11 46 66 1 10 91 55 20 42 74 57 83 92 3 97 93 27 72 63 17 23 50 94 37 96 4 39 34 61 99 18 65 78 52 98 45 7 73 2 76 8 44 88 67 13 0 21 28 82 89 86 22 56 29 
74 32 39 25 89 41 0 11 98 64 60 62 9 87 8 52 38 86 88 92 71 99 26 93 4 42 84 85 83 69 34 77 90 40 12 76 73 14 13 49 28 94 7 3 54 18 51 56 47 5 53 23 66 29 27 33 6 17 19 70 20 63 45 61 96 82 68 21 1 78 15 55 16 31 10 80 44 35 72 22 24 79 48 30 75 65 57 95 58 46 2 37 43 50 59 67 97 91 36 81 
89 72 41 24 88 52 71 98 28 81 64 18 12 30 45 8 53 77 63 79 40 97 86 31 39 57 13 78 9 37 15 82 22 29 62 44 25 34 38 54 69 56 42 50 67 35 94 14 76 1 4 19 92 99 68 0 93 32 59 7 83 11 49 95 61 36 10 66 70 80 43 48 46 91 75 21 33 51 20 73 5 60 55 85 17 74 27 65 16 23 2 84 58 47 90 87 3 96 6 26 
75 2 34 70 59 24 33 25 54 38 3 40 79 12 36 77 21 95 65 98 18 61 16 42 9 35 44 48 67 13 69 49 57 29 39 0 90 19 52 78 80 37 22 11 15 23 83 76 45 46 74 43 27 84 20 66 58 89 96 53 56 81 82 31 64 47 1 4 73 55 71 68 17 5 92 88 26 6 30 50 60 10 7 85 72 86 51 91 28 8 41 63 87 14 93 97 99 94 62 32 
60 61 18 12 22 24 94 50 89 31 30 29 66 37 68 19 45 63 27 55 53 75 58 54 67 33 32 57 34 93 72 8 62 36 16 56 71 4 97 51 35 15 38 77 10 91 40 49 69 85 98 65 48 81 43 86 52 82 25 84 74 5 92 1 88 3 44 6 99 17 2 80 42 47 28 39 23 73 59 64 90 0 14 78 70 7 11 87 83 95 96 79 76 13 41 9 26 20 21 46 
64 79 44 26 97 24 58 69 87 59 31 88 68 19 39 29 82 11 49 86 10 1 46 47 32 15 90 18 28 52 67 9 23 3 96 78 99 57 34 71 48 74 75 36 43 25 98 38 72 89 35 53 84 0 27 30 80 92 61 56 45 6 20 93 60 63 51 70 5 13 73 22 8 14 94 7 40 54 55 83 91 50 77 95 65 81 41 12 76 4 16 17 62 42 21 37 2 85 33 66 
3 42 11 55 80 14 27 28 25 13 12 29 74 93 61 67 8 94 83 56 21 18 23 52 54 2 17 81 37 72 4 57 59 70 97 92 98 7 30 78 58 41 26 69 19 75 1 96 5 49 47 99 53 38 64 63 73 76 68 79 16 39 22 36 35 88 86 91 85 66 40 44 20 10 31 89 46 90 33 62 48 82 45 77 32 60 87 15 43 34 9 51 65 50 6 0 95 84 24 71 
45 92 97 46 68 14 70 72 63 94 74 21 20 60 1 66 73 23 43 3 34 47 10 90 9 30 24 13 40 8 15 69 56 84 37 6 76 7 85 89 53 25 86 44 35 57 98 55 51 48 41 16 31 11 59 0 83 36 18 87 62 19 42 91 95 88 65 27 96 38 12 61 75 39 93 99 77 54 29 2 5 4 17 22 52 50 49 32 78 58 28 80 26 64 67 33 71 82 81 79 
29 76 46 44 94 80 74 30 83 89 86 31 3 91 10 36 11 40 99 23 97 43 54 2 72 61 87 56 12 64 5 93 50 92 8 71 85 28 55 7 59 70 37 96 82 63 52 26 16 53 58 48 18 27 67 77 42 95 88 15 34 1 35 0 78 21 32 39 45 51 17 38 4 66 13 25 22 47 20 98 68 6 19 24 14 41 84 49 81 60 79 62 9 69 57 65 75 73 90 33 
67 21 99 72 86 92 94 12 13 68 71 52 7 31 4 79 53 82 1 8 38 24 75 33 58 51 60 35 76 41 44 54 64 95 29 84 30 19 40 49 83 70 9 90 93 37 57 98 23 20 11 50 81 46 80 89 88 96 61 17 26 34 5 85 15 6 0 42 59 3 25 69 63 45 27 55 91 22 87 14 10 77 66 32 39 28 97 65 18 62 36 47 73 16 56 78 43 74 2 48 
88 97 89 81 94 36 0 65 3 68 12 35 42 64 32 60 11 15 8 41 91 99 55 73 54 69 96 19 9 45 66 47 26 10 48 63 67 23 53 13 52 14 34 44 82 17 59 18 93 70 39 1 62 22 33 61 85 16 84 29 87 90 25 2 43 6 79 28 49 56 46 77 51 5 58 71 24 83 76 38 7 30 4 40 80 50 72 95 92 21 78 98 74 20 86 75 31 37 57 27 
97 98 78 60 55 5 67 75 20 49 53 12 99 87 63 94 73 32 71 96 62 77 82 24 37 54 10 70 83 30 13 44 21 17 61 95 1 52 50 93 72 7 48 9 76 42 81 14 45 3 74 57 58 8 51 56 84 29 36 80 28 89 11 86 23 47 39 34 4 88 40 41 79 38 16 90 35 15 92 27 66 69 68 65 31 22 64 2 6 26 91 25 46 43 59 19 18 33 0 85 
83 27 98 52 28 73 38 40 41 36 77 12 94 91 23 45 90 18 32 30 49 19 85 50 74 5 31 46 33 6 59 95 80 69 57 92 70 0 3 68 13 64 65 8 84 24 58 10 93 42 78 25 54 96 43 29 82 71 37 14 72 17 48 62 39 60 67 11 63 22 16 99 75 97 9 81 89 20 51 34 7 88 79 61 1 56 86 76 53 4 35 66 2 26 21 47 87 15 55 44 
63 40 54 9 56 42 99 55 81 85 37 62 77 11 49 82 46 43 86 28 83 44 21 26 66 4 35 14 18 73 80 97 68 93 53 90 2 61 70 94 29 10 58 36 69 52 92 32 64 76 31 84 38 95 3 75 17 45 47 20 72 41 87 19 30 7 48 65 25 33 27 50 13 59 8 60 57 91 0 12 39 89 98 5 78 96 1 22 88 24 34 74 71 6 15 67 79 23 16 51 
84 35 72 12 85 25 11 42 3 71 26 91 13 93 89 99 82 79 48 76 92 45 52 81 27 86 64 23 33 78 90 65 5 1 9 51 69 75 16 57 29 94 62 73 0 74 77 36 61 21 18 98 70 46 14 20 54 50 53 24 58 6 34 17 88 2 38 15 41 8 44 37 56 49 31 22 32 60 55 80 97 43 19 83 4 87 95 40 47 28 10 30 68 66 7 96 59 63 39 67 
75 13 65 82 43 23 36 7 42 70 78 68 40 90 45 1 83 84 14 5 18 80 8 99 44 24 33 52 59 98 92 86 57 94 54 95 53 41 62 25 63 91 28 56 35 47 69 11 26 66 55 72 77 6 29 22 88 64 12 39 15 0 10 58 73 93 19 79 38 89 27 3 96 97 32 67 37 71 61 51 48 17 87 31 81 9 30 50 4 85 20 21 16 74 2 46 49 76 60 34 
23 66 84 0 63 43 33 5 71 9 58 74 76 75 81 59 97 60 57 46 18 2 20 80 12 1 96 65 79 83 52 35 17 44 39 62 32 24 93 34 88 30 19 73 42 70 51 49 13 85 77 45 3 7 56 37 15 69 27 40 90 36 86 95 8 72 64 10 98 14 68 11 41 91 87 28 54 82 6 21 29 53 89 38 31 50 48 47 25 26 4 92 67 55 61 78 99 16 94 22 
55 70 66 76 59 97 33 17 10 36 39 27 94 50 60 31 34 9 90 24 58 12 47 83 95 0 56 64 5 85 96 13 75 80 44 7 93 3 26 28 45 67 49 42 72 68 74 61 2 89 73 54 82 15 65 81 52 46 78 37 91 38 92 87 77 41 69 88 29 53 57 84 35 98 63 71 51 11 99 40 19 25 62 43 79 4 21 30 22 32 20 1 14 86 8 23 48 18 16 6 
10 16 44 81 22 76 2 59 8 23 21 91 75 26 54 56 39 29 63 4 43 1 30 64 14 32 12 79 92 77 19 11 37 85 69 6 58 94 47 0 51 82 48 31 93 46 42 40 83 97 61 96 33 78 34 88 90 66 71 28 3 5 73 17 68 36 60 20 45 87 35 72 74 67 27 15 24 55 18 50 70 25 80 38 41 86 62 9 99 95 89 13 57 7 52 65 84 49 98 53 
98 38 86 14 15 8 68 89 13 82 81 70 80 97 23 56 43 57 29 21 22 95 74 44 90 49 30 55 3 60 92 87 84 7 50 20 6 28 75 40 36 26 12 66 24 64 71 32 65 16 76 10 34 72 83 73 42 46 4 96 31 61 52 51 1 67 47 17 93 62 99 33 25 63 69 48 41 91 88 18 37 54 58 78 0 59 79 27 5 94 85 53 77 2 45 9 11 39 19 35 
2 83 61 39 6 54 13 19 42 21 51 60 92 37 63 72 7 49 30 97 27 45 25 34 31 23 64 41 71 77 36 8 52 20 12 94 22 11 81 86 73 17 28 18 46 38 55 56 24 4 1 79 68 67 16 85 44 50 78 26 33 9 66 87 74 95 80 76 59 5 14 3 70 96 32 75 40 53 84 69 35 58 99 0 57 29 89 91 82 62 47 10 65 43 15 93 90 88 48 98 
4 37 57 19 76 53 36 41 84 93 3 2 44 23 12 52 34 89 39 60 1 15 32 55 83 97 69 82 11 67 26 98 28 61 45 56 92 17 8 79 87 81 75 59 77 94 24 48 99 20 0 73 66 46 50 27 42 64 38 29 88 31 9 95 58 65 5 22 71 96 43 47 74 7 16 62 30 21 14 40 78 49 90 25 68 54 51 6 13 91 35 86 85 70 63 10 18 33 72 80 
33 98 99 12 19 86 38 49 72 79 93 25 24 87 16 31 3 5 63 11 45 66 80 27 26 22 58 47 29 70 46 17 52 85 20 88 73 40 69 42 34 60 8 57 75 54 84 6 74 95 67 4 35 21 53 30 28 51 23 65 89 71 41 83 39 0 55 90 94 59 62 78 10 92 9 15 37 32 18 1 96 2 48 7 56 61 76 81 77 14 36 13 50 82 64 43 44 91 68 97 
41 33 19 52 47 14 92 66 74 76 79 39 87 59 26 10 13 96 54 94 22 65 31 83 23 69 9 15 60 86 64 28 61 48 43 62 4 71 75 21 35 88 91 58 27 6 95 68 1 32 63 16 73 78 80 67 55 2 12 38 93 7 30 17 53 98 82 20 5 70 8 25 49 84 29 3 37 0 99 11 85 36 42 44 45 97 77 34 89 57 40 81 50 56 18 90 51 72 46 24 
3 96 28 59 37 58 91 77 69 46 38 94 10 24 12 45 51 81 62 31 53 74 82 57 85 15 73 19 48 1 54 66 29 60 42 33 64 98 22 49 44 72 2 41 56 11 61 8 99 20 27 97 18 52 25 16 35 84 86 9 76 47 32 68 93 21 78 30 80 75 95 55 71 5 13 36 89 23 92 90 79 14 83 87 70 67 40 4 34 50 0 6 39 17 7 63 26 43 88 65 
15 22 25 52 14 67 37 23 2 62 3 16 51 65 13 76 63 36 30 64 54 68 97 93 44 78 55 26 58 49 90 86 40 85 75 50 47 41 8 28 0 56 35 5 71 66 42 31 29 32 18 11 45 91 19 74 84 79 96 95 17 99 10 77 39 1 21 87 61 70 46 7 60 69 80 59 89 12 53 38 6 94 82 48 81 57 24 20 73 4 27 43 83 98 33 9 88 34 72 92 
1 22 84 35 4 63 39 21 49 25 12 2 76 81 46 9 66 53 27 8 94 30 56 97 19 14 85 93 18 65 71 82 70 86 87 54 64 11 55 20 91 29 0 60 41 75 37 26 67 77 38 57 3 44 24 13 47 34 89 72 6 5 58 83 78 80 68 17 43 88 51 10 31 59 74 98 23 16 42 73 15 48 96 40 52 92 62 36 28 79 32 95 90 69 7 99 61 45 33 50 
92 45 25 50 35 26 30 32 53 1 37 71 90 66 94 68 22 85 24 40 58 74 15 23 0 28 60 4 72 86 5 77 75 64 57 91 63 78 7 20 88 89 27 61 42 18 65 56 76 79 49 43 54 97 83 16 81 33 6 46 12 70 36 98 80 31 51 84 55 10 99 34 44 67 29 3 48 14 96 62 95 41 13 17 9 11 59 87 52 2 21 39 73 38 8 47 69 19 93 82 
94 35 2 65 98 54 27 95 48 42 99 45 11 21 4 64 36 1 43 84 70 52 83 82 68 8 25 34 96 77 28 91 80 79 22 16 55 15 73 61 13 67 26 71 29 86 74 59 81 12 66 9 17 92 56 30 6 60 10 40 46 0 33 72 90 23 69 87 51 24 93 18 47 44 38 32 76 3 97 20 78 53 39 89 75 58 37 5 41 19 63 7 50 88 85 62 31 57 14 49 
80 0 91 98 37 52 8 57 74 51 18 70 1 88 61 4 90 35 6 95 45 99 85 17 22 14 50 56 27 62 92 24 2 58 71 53 25 42 67 84 79 34 72 10 76 55 68 60 12 32 29 13 16 97 78 26 77 96 40 20 86 41 19 3 15 47 5 81 87 44 31 65 75 7 33 48 39 63 89 28 30 66 11 93 82 49 83 21 64 36 9 43 94 38 23 46 54 73 69 59 
71 34 20 26 58 30 4 23 80 84 87 92 61 1 55 17 67 40 81 43 65 89 75 36 51 85 93 38 82 7 79 37 45 86 15 28 57 2 78 59 52 63 54 98 35 44 96 62 66 5 33 22 6 49 73 91 53 76 88 41 14 27 74 77 12 10 69 31 25 19 24 48 39 47 42 83 9 21 3 97 13 64 11 18 46 29 99 0 60 50 94 56 8 90 95 32 70 72 16 68 
44 84 58 20 29 8 86 25 49 1 4 99 94 73 97 89 62 47 87 23 17 26 21 92 48 7 83 53 3 60 96 52 50 28 57 85 68 22 46 95 90 59 64 77 72 33 67 36 88 12 55 27 54 80 74 37 11 9 15 70 75 66 93 41 45 91 13 30 0 19 76 82 79 35 61 69 63 42 34 43 2 5 65 14 78 6 40 16 31 98 38 51 81 10 32 24 71 39 56 18 
16 61 18 48 64 71 75 56 17 8 55 60 31 74 14 29 78 95 21 59 69 10 72 80 15 33 82 58 26 54 84 9 70 5 49 12 62 79 67 98 87 77 73 52 13 43 53 35 7 85 57 30 1 6 38 3 76 19 11 81 91 23 88 37 20 24 27 90 40 93 83 65 63 96 39 86 89 34 92 46 44 66 32 28 0 41 99 22 68 4 25 94 51 47 36 50 97 42 45 2 
88 31 0 83 14 11 2 60 93 30 37 10 54 48 96 46 81 97 59 29 69 40 22 70 39 44 57 33 66 94 4 21 41 89 90 18 63 1 78 15 98 91 61 47 20 24 23 6 26 56 45 32 34 77 82 52 9 65 53 79 8 80 36 28 71 68 12 3 74 25 42 64 67 92 35 86 27 85 87 99 55 95 17 5 50 43 72 49 51 58 19 13 62 38 7 73 75 84 76 16 
14 39 31 0 52 82 35 95 17 68 29 44 84 3 94 20 48 28 86 57 88 36 18 32 75 24 81 43 33 45 15 58 11 21 54 56 93 90 22 49 5 61 53 63 8 9 67 46 25 80 13 23 74 87 77 2 97 92 98 7 59 4 89 30 51 76 91 66 71 65 42 34 64 78 83 27 12 60 99 19 26 55 62 6 40 72 10 50 85 1 79 70 16 37 73 47 38 96 41 69 
18 5 11 90 24 35 12 31 15 78 93 19 21 58 72 63 56 68 38 4 91 51 77 85 76 81 2 10 57 29 97 43 73 13 50 20 95 80 52 30 86 47 40 61 33 64 88 87 25 1 55 59 99 7 98 66 37 79 83 14 94 75 65 82 46 89 67 17 16 26 32 60 36 45 54 74 84 49 34 0 41 23 48 39 70 62 9 6 27 44 42 92 3 28 53 71 8 96 69 22 
66 77 38 1 79 29 12 28 90 91 42 75 87 55 24 26 13 88 8 10 35 31 61 57 97 36 2 82 94 93 25 27 6 64 3 20 96 33 73 54 4 65 86 17 63 32 50 62 7 11 9 44 81 56 15 53 45 47 74 41 48 70 89 80 40 21 76 67 72 71 78 69 19 37 83 30 46 51 52 43 58 14 34 5 85 68 22 98 84 23 60 59 95 99 39 16 49 18 0 92 
40 4 36 46 98 45 48 3 73 5 60 55 54 44 81 43 87 78 38 1 29 50 25 33 42 76 85 88 74 19 41 83 62 69 7 16 47 23 8 59 90 92 56 52 20 77 31 21 17 86 79 39 96 26 6 53 84 51 10 67 91 30 32 97 11 2 13 12 63 27 37 93 57 58 65 15 64 49 24 0 72 75 70 18 34 9 95 94 71 99 66 80 82 89 61 22 14 35 28 68 
72 31 71 40 15 84 10 24 75 70 98 2 61 79 64 55 50 60 94 26 22 96 17 83 99 59 65 82 36 48 42 3 8 92 76 29 86 9 68 52 69 33 90 43 46 6 12 0 28 20 16 27 34 21 25 18 35 77 93 56 91 78 58 54 95 1 4 32 74 53 73 30 39 11 44 7 80 19 51 41 62 88 85 45 47 14 38 13 87 5 89 97 63 57 81 37 49 67 23 66 
20 55 28 52 24 32 42 89 33 56 22 25 87 40 74 57 27 85 43 5 0 71 16 53 4 60 11 64 9 51 86 41 34 18 91 23 46 39 63 72 30 38 48 77 3 8 93 21 79 31 54 13 96 36 66 1 97 99 45 17 84 98 88 92 75 94 49 37 47 2 82 70 7 19 95 69 73 26 61 59 35 14 44 50 15 81 58 68 78 6 12 80 67 83 76 62 90 29 10 65 
74 57 7 66 15 0 40 97 70 1 48 90 87 84 83 43 3 60 19 69 22 89 47 53 29 37 79 8 9 16 44 33 76 88 85 72 31 34 46 92 65 30 32 10 51 26 13 45 23 39 27 14 93 21 49 50 2 62 75 71 12 73 91 25 55 63 95 24 86 28 20 6 56 35 18 82 41 96 54 99 64 81 78 61 80 67 68 77 4 98 5 11 58 42 59 17 94 36 38 52 
33 78 97 72 86 68 81 25 60 88 12 67 80 1 4 87 22 90 91 83 15 92 77 56 44 66 34 61 29 50 45 84 94 54 58 23 8 7 63 6 70 99 13 24 57 47 95 0 28 19 11 40 74 39 98 93 3 5 71 75 53 30 96 2 20 52 51 69 32 41 14 37 16 73 26 36 10 17 55 62 59 38 46 65 85 27 35 82 31 76 64 79 43 18 21 48 9 49 89 42 
15 77 39 0 49 74 11 52 8 94 86 34 7 48 73 98 89 54 38 83 22 27 70 2 75 82 96 47 43 68 24 41 71 91 10 44 64 40 81 79 58 97 61 78 32 50 66 29 95 90 69 56 55 53 42 19 28 87 3 85 76 12 5 60 46 99 92 1 37 26 21 20 33 6 93 14 62 25 72 4 35 84 9 80 51 23 59 67 45 16 18 13 57 88 31 65 30 63 36 17 
9 55 4 80 87 88 59 85 93 1 65 2 19 66 26 54 62 61 86 31 82 76 69 67 75 78 11 73 98 45 81 37 58 84 40 0 53 71 92 83 89 56 41 48 77 46 5 64 91 23 33 35 57 10 52 32 17 70 74 27 20 34 95 51 18 29 99 42 28 21 25 47 90 16 43 50 63 60 15 7 72 97 96 68 38 94 44 12 13 8 30 49 14 36 22 79 6 24 39 3 
94 86 2 87 64 49 63 85 61 77 31 91 50 71 25 28 47 30 18 99 82 35 40 96 13 42 95 5 41 11 92 78 67 16 90 26 20 19 4 14 75 72 29 7 45 55 88 81 80 83 53 22 60 21 6 84 15 27 70 98 24 10 0 54 48 23 39 33 12 59 34 46 17 32 44 68 36 66 65 73 37 9 51 3 79 69 1 58 57 76 52 43 93 97 74 8 89 56 62 38 
88 48 44 94 21 19 17 11 28 43 41 25 37 7 15 93 72 23 81 78 98 89 53 46 0 67 61 27 91 8 2 35 30 32 63 16 51 42 74 68 62 79 13 49 96 47 29 36 80 65 90 69 4 83 55 52 20 66 71 77 3 38 10 9 33 54 84 75 60 40 34 45 85 31 82 22 95 73 97 56 87 76 58 14 1 57 5 50 26 18 12 92 64 70 59 99 39 6 86 24 
30 72 75 70 78 65 36 87 59 62 80 68 27 94 24 99 32 0 86 17 71 67 5 26 45 88 37 60 89 11 41 98 92 3 8 6 90 91 61 13 81 74 77 51 76 82 39 40 15 58 12 73 35 85 57 14 28 23 53 93 25 69 47 43 7 83 44 97 56 10 50 1 2 16 95 34 79 66 4 96 46 84 52 19 54 21 29 64 20 9 48 18 49 42 31 33 63 38 22 55 
63 66 70 0 87 8 49 31 80 91 77 34 28 90 78 9 82 93 62 17 6 46 27 94 44 54 30 42 89 59 18 60 5 75 69 14 56 19 26 53 13 99 16 12 72 7 1 96 21 20 45 52 37 98 4 40 25 24 41 3 88 83 76 81 67 48 92 2 73 71 10 23 15 95 85 33 68 65 74 97 64 58 39 43 61 57 29 51 36 86 35 11 50 47 55 79 32 22 38 84 
58 4 38 64 21 28 13 9 3 17 94 20 87 26 23 72 73 55 18 52 24 57 98 71 80 49 66 19 97 1 75 62 51 8 60 47 78 88 99 83 40 93 53 90 22 84 46 65 34 36 11 37 6 41 42 67 31 69 7 43 32 30 12 14 63 92 86 39 85 95 59 70 96 29 25 56 82 27 89 68 44 2 5 79 45 10 81 54 48 33 76 15 50 16 91 0 77 35 74 61 
38 94 2 11 91 68 46 89 33 90 15 43 6 3 48 61 5 69 57 77 98 16 78 85 28 42 81 72 52 34 35 47 4 49 75 97 10 36 51 19 1 12 0 56 29 96 45 59 79 41 24 88 32 99 44 7 65 54 70 74 23 21 55 27 31 30 53 66 95 63 64 20 9 86 80 73 62 25 22 76 82 87 71 67 58 60 93 40 83 8 13 37 39 14 92 18 50 26 17 84 
2 22 57 49 3 82 16 34 11 83 14 78 97 76 86 64 18 98 32 79 17 44 63 23 8 88 33 1 99 27 92 61 67 21 41 66 68 0 50 25 80 13 84 87 26 5 65 37 96 53 94 42 95 62 19 15 89 43 4 29 73 38 51 28 91 36 35 74 40 31 52 30 10 55 70 9 93 56 12 58 60 90 59 69 81 48 6 71 85 77 7 47 20 45 24 39 46 72 54 75 
82 87 79 70 57 65 85 28 95 40 62 10 78 67 44 1 81 45 9 83 3 18 86 55 73 66 15 6 77 60 90 75 24 53 96 2 92 71 34 84 32 14 20 50 22 88 23 58 91 89 48 21 68 41 94 42 56 51 54 0 12 38 37 69 33 64 25 8 11 43 47 35 99 16 52 76 61 93 98 29 4 7 27 97 17 59 46 31 19 63 26 80 39 5 30 72 49 74 13 36 
66 22 71 70 40 29 6 54 42 8 15 48 86 4 59 60 55 24 20 98 37 39 81 57 92 58 84 23 2 28 3 79 21 38 56 88 5 36 27 96 10 9 82 7 83 91 1 13 87 85 43 45 99 25 75 17 63 50 65 95 74 97 32 64 62 34 72 35 61 53 89 78 47 94 49 12 26 14 76 11 93 44 90 19 51 52 46 0 77 18 31 80 16 41 33 68 69 73 67 30 
68 44 84 93 25 18 99 36 92 5 69 71 63 78 83 87 39 0 70 82 17 65 80 12 42 35 29 61 97 73 54 55 31 60 28 79 1 75 9 88 67 76 91 2 40 59 58 19 85 11 57 37 89 27 22 8 45 7 14 94 51 23 15 32 43 46 20 30 72 33 77 24 41 90 26 4 86 6 64 13 66 47 21 34 10 74 3 52 98 38 53 56 95 62 16 48 96 49 50 81 
44 14 56 58 94 33 66 59 40 35 68 28 74 62 34 47 12 57 49 85 7 88 79 93 20 77 48 72 10 30 9 16 67 21 31 6 73 18 90 78 13 42 4 83 43 80 63 46 71 15 1 52 61 70 98 27 2 25 54 37 29 3 91 92 84 19 69 22 8 5 45 26 11 95 99 23 87 89 32 36 41 24 97 96 0 55 65 76 51 17 75 86 64 60 50 39 82 38 53 81 
78 42 9 35 19 90 18 27 98 79 52 87 39 68 85 88 41 58 82 53 14 43 10 8 67 13 4 69 50 7 97 25 56 24 61 12 33 59 93 1 16 15 29 6 44 23 31 96 84 2 80 62 45 38 83 30 75 46 57 86 72 11 5 47 65 55 3 77 54 34 89 22 66 36 63 81 70 40 64 48 71 0 94 32 60 49 76 92 17 74 51 91 37 21 28 20 73 99 26 95 
20 3 97 40 0 6 13 79 85 7 4 48 39 22 23 34 94 35 69 65 66 1 60 26 72 92 18 76 25 21 71 88 32 37 17 70 96 15 2 84 9 57 81 75 77 52 83 59 12 8 53 62 5 16 42 43 28 58 50 86 63 36 56 93 47 31 44 49 82 27 10 99 54 64 55 90 24 91 61 95 33 74 89 19 14 41 51 67 30 73 87 11 98 38 45 68 80 29 78 46 
10 82 27 64 29 22 30 45 41 56 28 66 67 60 61 94 65 89 51 16 90 46 42 84 19 77 17 95 54 7 4 44 99 9 50 75 73 57 91 14 58 98 48 20 93 35 3 37 92 72 53 76 83 38 88 15 71 69 49 62 40 55 32 43 59 8 6 34 85 96 25 78 0 31 39 86 74 36 47 70 87 52 80 97 68 18 81 12 11 79 2 13 26 63 33 23 5 21 1 24 
94 52 25 7 76 40 45 90 62 86 64 73 33 16 79 19 70 66 68 9 31 28 95 18 54 46 32 5 11 58 36 97 51 1 2 10 93 59 56 75 91 12 24 48 23 13 49 63 43 72 37 29 88 67 44 99 27 14 26 83 8 84 38 57 81 80 0 35 53 34 17 77 87 92 22 78 60 6 50 69 82 85 71 74 55 20 61 65 98 47 15 89 30 42 41 21 39 96 3 4 
84 1 60 92 8 14 17 97 18 38 96 78 26 91 27 23 43 79 13 47 88 62 76 6 29 55 9 28 75 40 51 59 71 61 16 48 70 44 11 4 35 54 83 56 19 80 72 20 52 15 74 66 86 50 77 7 81 34 95 67 98 39 93 22 45 31 73 49 37 69 42 65 90 12 33 24 36 2 3 68 0 87 21 10 32 82 53 5 41 99 64 63 58 25 46 89 30 94 85 57 
35 65 42 47 20 96 21 99 3 1 13 58 6 98 43 81 18 90 80 97 85 22 52 75 4 5 60 78 93 39 12 34 73 64 29 9 55 23 66 32 31 56 37 86 82 59 26 71 57 51 54 84 77 40 33 53 94 95 16 88 68 19 17 10 44 67 72 62 76 24 91 70 41 27 0 28 8 87 46 79 2 30 61 74 15 89 63 7 50 69 14 48 25 38 36 92 49 83 11 45 
5 64 42 33 77 96 71 19 56 55 82 49 0 65 90 46 94 3 2 11 21 28 39 87 23 91 31 74 26 4 45 44 20 51 53 73 13 68 86 99 17 25 69 6 83 58 76 36 81 80 88 93 98 41 57 70 37 35 12 60 34 78 40 67 7 61 50 47 1 52 43 79 62 84 22 14 89 9 59 24 48 32 66 63 29 85 18 27 38 30 95 92 54 75 10 15 8 16 97 72 
16 3 12 2 64 80 51 53 28 8 38 56 46 45 63 98 48 82 9 55 0 85 4 43 71 29 27 75 24 99 49 18 39 83 97 68 61 54 35 34 14 73 78 20 95 89 44 88 25 93 42 87 77 86 17 15 31 76 81 5 58 84 26 66 94 92 74 37 62 47 72 65 67 33 19 36 50 7 23 6 60 21 96 22 11 70 40 69 52 32 90 59 91 41 30 57 10 1 13 79 
91 73 88 70 81 83 67 84 62 40 65 8 82 9 57 17 36 77 85 86 33 12 56 48 28 49 22 72 1 78 5 6 47 96 35 42 29 94 19 59 71 39 97 41 25 61 38 80 60 10 74 50 89 18 45 20 66 55 16 69 79 11 64 93 53 2 63 7 87 15 44 52 21 75 51 30 46 23 58 98 24 76 68 13 54 92 95 99 32 31 14 0 27 90 3 43 26 4 34 37 
39 84 52 96 14 6 27 23 26 89 67 46 62 50 28 19 47 58 10 9 59 56 60 2 66 85 33 3 74 24 32 13 99 40 43 18 72 38 29 91 57 65 76 82 71 75 86 54 44 11 92 34 15 20 37 90 79 48 70 88 55 7 36 17 78 45 41 97 73 42 64 30 83 95 22 68 93 53 94 51 87 21 8 0 5 31 35 12 98 1 81 80 61 25 16 63 69 4 49 77 
56 87 31 66 54 22 57 77 37 45 19 5 98 83 53 79 27 50 64 16 40 49 70 95 12 84 6 8 60 71 35 1 69 81 34 17 46 67 73 0 38 97 68 14 18 62 92 32 30 82 2 61 90 42 93 3 26 48 52 23 63 13 33 85 11 21 24 78 41 88 75 28 65 76 4 51 29 15 25 99 86 36 80 20 94 58 7 72 74 44 91 9 10 96 55 89 39 59 43 47 
57 67 95 53 94 87 75 16 41 91 83 99 1 49 37 0 74 66 78 79 55 64 76 71 73 80 5 82 31 6 46 7 33 88 20 68 40 13 4 12 44 10 54 60 25 77 42 52 21 48 69 39 29 98 89 51 38 92 45 59 22 27 3 43 96 9 24 72 32 61 34 85 15 70 18 47 19 56 50 23 2 58 86 62 28 65 97 14 93 30 17 90 26 11 84 36 35 81 8 63 
95 50 40 25 52 9 21 38 85 23 79 80 42 39 41 58 1 69 86 90 56 94 24 63 65 43 7 36 91 68 66 76 15 77 75 30 6 59 92 10 71 11 3 51 34 37 45 97 67 35 72 55 54 31 29 12 60 73 47 22 5 32 88 19 26 33 17 48 4 18 81 2 8 13 27 84 96 98 0 16 70 28 93 61 87 78 83 82 14 74 49 44 46 53 64 99 20 89 57 62 
59 9 86 20 15 48 66 13 19 70 22 87 78 65 94 2 71 55 73 37 95 93 97 76 11 84 7 53 43 30 0 52 88 98 60 80 50 83 75 40 69 24 41 67 58 92 68 10 6 61 36 34 23 16 45 54 8 21 1 57 77 28 5 27 90 25 82 39 47 14 89 49 72 26 32 99 62 63 91 12 3 74 31 51 42 85 33 46 64 38 81 79 44 29 35 4 18 96 17 56 
8 75 86 78 9 76 45 58 41 25 15 69 85 80 7 39 12 89 2 55 30 38 43 53 90 36 10 48 49 65 73 33 35 18 99 71 23 62 5 28 6 21 82 1 4 93 42 51 37 72 61 3 60 95 81 16 40 88 50 19 96 67 20 46 70 56 17 84 26 64 44 22 14 57 98 27 63 77 32 47 13 92 59 52 87 0 83 24 94 68 91 29 34 66 74 11 31 54 79 97 
32 9 6 17 20 72 0 75 29 47 45 3 54 89 41 28 79 4 76 14 56 37 30 15 8 64 82 25 12 19 49 10 66 42 43 36 94 2 22 50 91 53 77 81 69 95 61 57 48 58 65 55 18 97 80 51 98 70 24 63 35 59 1 62 83 5 60 78 73 46 67 31 11 87 39 21 96 7 23 92 34 93 40 44 84 90 27 99 52 68 38 86 88 74 71 33 13 85 16 26 
61 54 2 96 84 74 57 6 21 20 46 68 12 38 28 7 88 30 98 99 34 43 10 69 90 94 77 11 41 26 58 5 47 49 18 63 78 31 53 1 64 66 0 52 4 80 8 24 62 59 32 35 13 71 50 16 17 40 37 67 91 72 19 33 81 14 60 56 89 3 70 27 29 51 95 45 39 36 44 93 82 15 83 85 55 48 65 22 23 86 79 73 42 87 76 25 9 75 97 92 
53 60 87 46 72 22 31 63 57 96 41 19 5 45 70 27 42 98 71 51 66 16 3 48 77 69 85 68 20 0 73 61 75 82 12 43 78 81 47 65 33 30 52 83 50 24 1 76 34 93 29 2 91 86 44 4 38 94 15 14 84 88 79 89 59 95 10 26 55 49 80 13 6 62 92 11 23 7 67 58 90 99 37 35 17 21 9 40 54 64 8 97 32 28 39 18 25 56 74 36 
85 95 61 26 7 11 16 62 44 0 43 75 96 17 29 94 82 33 13 57 30 52 6 25 46 48 56 36 97 55 74 47 70 41 27 78 14 73 19 66 99 45 51 5 69 68 9 72 58 53 31 60 38 8 87 39 86 37 34 80 76 81 63 21 40 35 2 79 88 24 12 28 18 4 3 10 1 23 67 83 91 65 20 77 49 89 98 22 71 42 15 84 54 64 92 93 59 50 90 32 
66 72 38 96 61 55 79 5 24 23 65 84 18 17 54 89 51 4 56 52 85 81 40 42 46 83 94 73 8 37 93 48 74 15 82 63 57 32 3 67 99 69 43 35 7 16 34 76 21 87 64 78 86 45 27 22 14 13 88 6 75 39 28 59 26 19 97 31 71 20 77 60 92 91 68 1 25 12 11 10 80 41 50 98 0 70 62 44 47 9 90 29 30 2 49 58 36 33 95 53 
99 93 50 29 30 83 67 6 75 47 65 72 87 71 23 63 37 94 64 32 96 70 25 16 19 85 76 33 88 91 89 48 61 15 18 13 10 55 74 84 53 80 51 7 68 21 66 4 54 59 62 79 12 58 22 69 17 46 57 45 52 49 2 86 39 82 77 24 73 27 78 8 41 26 56 31 81 60 20 90 35 0 38 95 14 44 92 28 40 97 42 34 5 36 98 9 43 1 3 11 
94 99 90 37 22 10 0 74 79 33 50 53 95 2 14 8 68 71 26 63 97 96 57 92 19 76 5 4 62 34 78 93 64 46 60 75 47 42 89 85 36 86 21 1 17 24 66 54 43 58 84 61 83 9 49 41 91 69 11 7 81 31 35 13 48 73 88 45 16 98 40 80 87 59 23 12 18 28 44 3 6 15 55 70 32 82 27 77 29 25 20 39 56 38 30 51 72 67 52 65 
99 40 80 17 74 91 76 2 51 98 55 58 11 32 50 6 45 19 25 10 68 39 9 48 5 66 88 97 36 83 95 86 62 96 64 46 33 82 57 49 42 41 30 3 73 18 78 7 56 75 21 54 84 35 34 59 15 65 43 44 16 37 87 61 38 94 47 93 67 29 24 0 28 77 69 14 72 92 12 63 27 90 26 1 31 4 22 52 13 81 70 20 8 85 79 60 89 71 23 53 
0 14 98 30 12 32 49 76 34 85 11 47 4 71 89 7 72 35 91 3 82 38 8 83 65 95 2 15 44 43 42 55 18 10 1 28 58 68 36 75 48 69 9 59 99 40 92 22 84 54 33 46 74 27 80 56 41 13 93 67 62 39 37 52 57 5 16 94 81 70 45 88 60 77 50 86 79 29 20 97 17 66 78 53 23 87 90 19 31 64 6 96 26 51 25 21 73 63 24 61 
63 70 5 90 58 71 68 26 85 83 21 19 97 74 50 86 60 23 87 59 2 67 1 3 98 44 48 34 82 46 32 66 4 17 33 12 55 45 57 81 29 64 18 54 10 53 96 43 38 52 56 94 7 6 13 27 76 14 20 25 42 92 77 15 30 11 95 88 49 16 84 99 31 93 73 91 22 39 62 65 37 78 0 75 51 8 40 24 36 89 47 35 80 41 72 79 28 69 9 61 
45 59 71 58 6 42 22 78 70 7 84 69 9 31 74 92 93 21 82 25 67 14 35 73 98 5 64 50 46 62 61 51 17 20 87 0 57 3 66 40 38 89 4 2 86 79 43 83 8 76 53 44 15 75 37 16 39 36 49 56 1 96 81 27 54 91 60 72 26 28 95 33 32 47 63 77 13 11 12 18 10 80 97 29 34 55 48 99 85 52 90 23 65 94 41 68 30 88 24 19 
53 43 88 95 10 14 19 38 0 27 3 84 41 97 60 79 12 71 72 59 39 15 49 8 48 2 86 57 42 36 64 51 32 62 33 16 24 52 63 70 20 90 83 46 58 26 93 80 92 22 54 40 23 98 25 74 87 37 82 5 78 11 91 67 68 1 21 77 73 94 34 66 13 96 56 55 65 28 89 30 6 76 61 50 4 81 47 85 7 17 18 29 44 35 31 69 9 75 99 45 
28 22 78 46 36 35 57 83 30 40 68 12 50 61 97 1 52 41 20 63 11 84 23 14 47 86 62 85 45 15 9 31 54 60 75 55 70 29 87 0 71 74 10 7 49 89 58 27 51 91 43 13 67 82 5 81 34 65 92 33 94 18 95 24 25 4 88 90 44 77 76 64 66 56 98 26 2 21 16 59 39 93 72 42 37 48 6 79 38 17 32 80 19 8 99 69 53 3 73 96 
51 21 2 34 22 76 3 27 92 25 99 15 52 6 86 12 91 37 35 81 31 17 29 95 14 62 66 63 84 38 93 68 74 67 94 46 98 57 88 55 8 83 54 33 36 49 82 65 43 10 64 56 19 50 75 53 79 61 23 39 60 69 58 41 40 96 7 0 5 73 48 28 24 72 59 20 78 90 32 47 11 71 4 70 45 9 42 44 13 16 1 18 80 30 85 26 87 97 89 77 
54 59 50 55 77 18 90 53 68 89 82 2 38 15 78 88 26 96 85 98 79 33 80 99 46 19 62 94 86 42 56 4 0 95 23 51 61 39 24 76 29 64 1 65 22 49 9 3 63 27 87 28 73 58 11 20 93 10 41 74 36 25 14 66 70 32 48 34 67 71 47 81 12 17 57 52 8 16 5 72 91 69 30 21 7 31 45 97 60 92 35 43 6 84 44 83 40 13 75 37 
81 44 10 40 22 2 94 16 49 71 34 52 48 73 68 70 78 67 53 75 30 9 45 65 0 20 56 91 82 90 24 61 99 77 37 57 39 83 88 46 98 97 28 63 6 35 33 87 55 58 47 25 23 54 64 11 93 86 7 36 14 12 18 42 29 69 1 60 38 80 76 5 4 72 62 31 32 13 26 51 27 95 85 96 19 84 41 59 17 15 79 50 89 8 74 3 92 43 66 21 
53 17 22 9 52 34 32 26 74 3 81 15 39 6 69 55 89 36 66 23 78 73 93 83 54 63 92 13 31 21 4 20 82 5 77 35 28 91 43 18 46 80 48 70 94 25 71 19 64 98 58 45 67 29 14 62 99 65 75 2 76 72 85 10 24 11 97 86 40 47 59 96 12 68 61 88 37 7 90 57 42 27 44 56 87 8 50 49 41 30 95 79 84 51 16 38 33 60 1 0 
68 25 10 35 1 36 86 17 56 38 93 82 31 62 12 21 76 51 34 20 61 33 59 60 50 9 44 5 80 53 47 27 23 94 14 30 81 15 88 73 98 99 72 43 66 4 83 2 65 95 89 57 16 90 11 40 92 28 32 78 67 77 13 42 55 87 64 19 71 41 84 22 0 7 3 75 63 58 46 48 39 29 26 69 49 8 74 24 96 18 52 37 85 79 6 70 45 54 97 91 
12 53 8 66 56 35 68 64 40 54 65 55 23 98 18 57 81 90 69 30 82 62 4 79 45 97 89 77 43 51 22 32 80 85 59 0 72 42 34 92 38 95 75 50 93 19 47 88 49 21 41 86 91 17 11 26 16 74 10 13 27 73 20 94 6 78 71 83 48 63 7 44 1 52 46 5 70 2 84 31 25 15 39 76 87 3 9 33 60 28 29 24 61 99 58 36 14 67 37 96 
87 75 83 52 26 97 76 44 34 85 82 11 64 17 98 8 66 0 56 67 79 90 92 25 2 43 1 16 69 51 35 54 57 91 70 59 99 6 77 89 5 13 48 12 19 42 68 21 47 86 10 7 74 31 37 41 45 72 60 84 28 23 46 32 29 38 71 30 40 65 55 15 63 95 80 78 18 73 50 58 93 94 24 27 4 9 3 33 96 53 39 49 88 62 61 20 22 14 81 36 
16 67 13 65 51 50 89 74 66 8 60 53 2 37 76 45 44 63 62 15 88 7 28 22 82 23 46 43 52 4 54 56 9 27 24 47 3 61 57 34 26 40 98 33 84 72 49 48 35 39 79 85 29 38 93 0 5 78 69 91 68 80 70 31 32 12 71 17 19 95 30 10 86 97 83 55 36 58 6 75 81 59 18 99 1 73 14 90 96 64 20 41 87 77 21 25 94 92 42 11 
5 16 77 21 57 68 39 34 25 14 3 28 32 43 19 62 81 12 40 15 71 8 52 29 97 92 87 55 1 76 7 13 67 45 75 90 4 9 17 49 64 48 94 82 0 88 20 27 96 93 58 42 37 56 99 84 80 41 89 86 36 63 2 53 38 35 79 10 51 61 23 70 24 66 31 85 60 74 69 11 44 18 26 30 54 95 91 83 6 73 33 65 59 50 78 22 46 72 98 47 
56 58 11 94 87 6 61 88 8 31 70 68 77 63 32 33 24 83 71 67 60 86 25 53 12 92 69 64 66 50 43 65 0 44 20 37 75 78 79 73 7 29 36 30 38 81 18 39 93 96 41 23 95 35 76 84 4 40 46 89 45 62 9 28 34 80 49 51 13 27 42 97 15 3 14 26 72 47 74 22 2 17 90 48 21 85 16 5 54 82 99 91 10 57 52 98 59 19 55 1 
4 93 55 98 54 65 81 63 36 94 62 59 82 87 10 67 96 11 26 43 71 61 51 57 46 73 84 23 32 91 18 22 58 21 52 42 12 90 83 75 28 44 35 15 5 30 74 66 77 40 20 47 85 69 9 16 95 78 14 79 2 60 7 70 39 19 27 99 3 41 49 31 76 48 50 53 38 34 97 86 33 68 56 92 25 17 89 37 72 13 8 88 6 45 29 64 24 0 1 80 
80 69 85 97 50 59 20 88 63 14 47 35 3 66 94 45 54 75 68 5 11 98 1 17 37 56 2 49 93 44 91 10 33 99 38 90 92 87 72 64 21 41 67 28 8 95 6 13 73 40 7 9 82 83 30 52 24 71 74 84 81 65 23 77 42 4 79 58 34 60 0 39 78 43 62 29 89 12 53 76 31 25 46 15 36 61 27 86 55 57 32 16 70 18 96 22 19 51 26 48 
9 90 33 1 61 45 71 14 34 64 56 40 54 20 65 12 51 8 88 76 69 10 19 91 13 15 50 79 95 52 43 7 42 53 5 87 46 26 66 78 70 44 3 57 80 47 17 16 37 59 86 22 21 96 2 74 49 29 30 77 55 4 18 82 58 38 62 83 39 81 32 89 73 98 27 35 68 48 84 72 11 23 94 97 6 85 25 0 99 24 92 67 63 41 31 93 75 28 36 60 
